Иванов Менеджер 15 6 1985 10 50000
Петров Инженер 10 7 1990 5 45000
Сидоров Аналитик 20 8 1985 10 55000
Кузнецов Разработчик 5 5 1992 3 40000
Васильев Менеджер 25 12 1980 15 60000
Николаев Инженер 18 3 1995 2 45000
Алексеев Аналитик 12 9 1985 10 52000
Сергеев Разработчик 8 4 1998 1 30000
Иванов Менеджер 30 1 1978 18 65000
Дмитриев Инженер 22 11 1985 10 48000
Павлов Аналитик 7 2 1984 9 49000
Лебедев Разработчик 1 10 1993 4 38000
Громов Менеджер 14 5 1981 13 57000
Макаров Инженер 28 8 1989 6 46000
Фёдоров Разработчик 6 6 1991 3 39000
Морозов Менеджер 11 1 1979 17 62000
Чернов Инженер 16 4 1994 2 34000
Ковалёв Аналитик 21 3 1983 10 51000
Яковлев Разработчик 9 12 1996 1 29000
Иванов Инженер 13 2 1986 10 50000